,code,17PriceX,16PriceX
0,600000,1.34,7.54
1,600004,1.17,3.19
2,600006,0.74,2.72
3,600007,0.86,3.03
4,600008,0.58,2.52
5,600009,1.27,3.05
6,600010,0.92,2.31
7,600011,0.53,1.45
8,600012,1.64,8.81
9,600015,1.09,4.12
10,600016,1.39,7.82
11,600017,0.79,1.71
12,600018,0.87,2.32
13,600019,0.59,1.93
14,600020,0.87,2.47
15,600021,1.35,6.51
16,600022,0.26,1.03
17,600026,0.17,0.93
18,600027,0.46,1.76
19,600028,0.42,1.42
20,600029,0.63,2.59
21,600030,0.73,1.78
22,600031,1.35,2.93
23,600033,0.71,1.42
24,600035,1.12,3.22
25,600036,1.44,3.27
26,600037,0.43,1.8
27,600039,1.76,3.78
28,600048,2.28,4.06
29,600050,0.57,1.57
30,600051,1.02,3.08
31,600052,0.27,2.27
32,600053,2.17,22.9
33,600054,0.7,1.9
34,600055,3.63,5.76
35,600056,3.06,7.51
36,600057,1.32,3.91
37,600058,0.34,1.42
38,600059,0.97,2.14
39,600060,3.96,20.05
40,600061,1.21,4.93
41,600062,1.14,1.25
42,600063,0.89,3.25
43,600064,1.1,6.34
44,600066,6.21,-32.19
45,600068,1.16,2.24
46,600070,3.55,24.24
47,600071,1.9,8.22
48,600072,0.41,2.34
49,600073,1.1,4.89
50,600074,1.5,6.33
51,600075,0.6,2.47
52,600076,1.08,4.68
53,600077,0.94,3.61
54,600078,0.46,1.22
55,600079,5.04,11.94
56,600080,1.11,5.68
57,600081,1.65,6.04
58,600082,0.76,3.09
59,600083,2.0,8.47
60,600085,3.32,9.15
61,600086,2.41,6.97
62,600089,1.0,0.9
63,600091,0.68,3.9
64,600093,1.58,2.79
65,600095,0.85,4.43
66,600096,0.15,0.57
67,600097,1.06,2.08
68,600098,0.6,3.27
69,600099,1.03,5.79
70,600100,0.66,3.32
71,600101,1.11,3.04
72,600103,0.59,2.57
73,600104,2.41,-8.97
74,600105,1.98,11.26
75,600106,0.86,3.82
76,600107,0.62,2.11
77,600108,0.52,1.95
78,600109,0.61,2.31
79,600110,0.85,3.3
80,600111,3.0,11.57
81,600113,2.58,11.68
82,600115,0.4,1.83
83,600116,2.48,8.18
84,600117,0.27,1.32
85,600118,2.49,6.22
86,600119,1.98,6.37
87,600120,2.29,13.06
88,600121,0.39,1.46
89,600122,0.75,2.89
90,600123,0.67,1.96
91,600125,1.39,2.24
92,600126,0.81,2.35
93,600127,0.52,1.44
94,600128,0.36,1.46
95,600129,1.47,4.46
96,600130,1.25,3.98
97,600131,0.66,3.35
98,600132,1.04,1.64
99,600133,1.63,4.35
100,600135,0.99,4.21
101,600137,0.68,5.53
102,600138,1.29,5.21
103,600139,2.26,9.45
104,600141,1.41,2.7
105,600143,0.59,3.99
106,600148,2.0,6.36
107,600149,1.23,7.44
108,600153,2.01,4.43
109,600158,0.33,5.35
110,600159,0.6,2.85
111,600160,2.65,9.15
112,600163,0.79,2.01
113,600166,1.0,3.77
114,600168,0.9,3.11
115,600170,1.83,3.89
116,600172,3.42,8.45
117,600175,1.36,4.69
118,600176,2.6,2.68
119,600177,0.67,4.98
120,600178,0.6,2.54
121,600179,2.96,4.13
122,600182,2.56,47.66
123,600183,1.81,7.44
124,600184,2.09,5.34
125,600185,1.3,6.38
126,600186,0.52,2.33
127,600188,0.84,1.75
128,600189,0.39,2.76
129,600190,0.63,1.4
130,600191,0.77,4.09
131,600192,0.53,2.45
132,600193,0.92,3.86
133,600195,0.65,2.16
134,600196,5.48,4.42
135,600197,1.86,4.61
136,600199,1.87,7.15
137,600200,1.95,8.53
138,600201,6.19,23.77
139,600206,1.47,3.16
140,600207,0.76,3.17
141,600209,1.59,5.51
142,600210,0.57,2.81
143,600211,2.84,11.79
144,600213,1.38,4.7
145,600215,1.3,5.8
146,600216,1.66,2.23
147,600218,0.98,3.77
148,600219,0.37,1.45
149,600220,0.53,1.16
150,600221,0.51,2.5
151,600222,1.04,3.26
152,600228,1.31,5.88
153,600229,0.83,2.47
154,600230,1.84,3.2
155,600232,1.21,5.32
156,600233,2.69,17.92
157,600234,2.44,12.42
158,600235,0.95,3.75
159,600237,0.82,2.84
160,600238,1.14,7.49
161,600240,1.98,9.32
162,600241,1.56,4.8
163,600243,0.55,2.05
164,600246,0.44,2.13
165,600249,0.29,2.23
166,600250,1.42,5.29
167,600251,0.74,0.86
168,600252,4.3,-41.36
169,600255,1.41,4.05
170,600256,1.51,2.53
171,600258,0.75,3.39
172,600260,4.47,6.15
173,600262,1.75,6.1
174,600266,0.73,4.29
175,600268,0.89,2.59
176,600269,0.64,1.71
177,600271,2.44,3.17
178,600275,0.76,9.03
179,600276,8.28,5.72
180,600277,0.92,2.87
181,600278,1.23,5.23
182,600279,0.77,2.07
183,600280,3.48,19.57
184,600281,0.59,2.43
185,600282,0.46,1.21
186,600283,0.84,2.75
187,600284,0.69,2.59
188,600285,1.47,5.93
189,600287,0.61,3.37
190,600288,0.94,5.47
191,600289,0.96,2.75
192,600290,0.47,2.25
193,600291,1.13,4.29
194,600292,1.16,6.26
195,600293,1.53,6.08
196,600295,1.16,1.32
197,600297,2.88,4.76
198,600298,3.12,5.01
199,600299,0.29,2.03
200,600300,1.1,3.54
201,600301,0.64,3.02
202,600302,0.59,3.67
203,600305,3.1,8.39
204,600306,0.83,2.47
205,600307,0.22,1.29
206,600308,0.42,1.73
207,600310,0.88,5.03
208,600312,1.06,1.99
209,600313,0.95,5.88
210,600315,3.37,4.4
211,600317,1.43,4.51
212,600318,2.23,8.26
213,600319,1.14,3.14
214,600320,0.32,0.81
215,600321,1.66,6.27
216,600322,0.66,2.18
217,600323,2.76,4.04
218,600325,0.88,1.63
219,600326,1.6,2.61
220,600327,0.96,3.4
221,600329,3.34,5.27
222,600330,1.21,3.75
223,600333,0.84,1.85
224,600336,1.13,4.03
225,600337,1.1,5.09
226,600338,3.74,10.04
227,600339,0.51,1.7
228,600340,-80.12,-17.68
229,600343,1.42,5.69
230,600345,2.6,4.5
231,600348,0.81,2.3
232,600350,0.72,1.86
233,600351,1.98,3.76
234,600352,3.64,15.45
235,600353,2.59,9.19
236,600354,2.11,2.0
237,600355,2.43,6.68
238,600356,0.92,3.21
239,600359,0.67,1.24
240,600360,0.94,3.56
241,600361,0.23,1.39
242,600362,0.43,2.12
243,600363,1.38,4.48
244,600366,2.11,10.25
245,600367,0.71,3.12
246,600368,1.08,2.24
247,600369,1.17,2.51
248,600370,0.96,6.53
249,600371,1.22,3.02
250,600372,3.68,10.7
251,600375,0.65,2.43
252,600376,0.56,6.81
253,600377,1.39,3.73
254,600379,1.36,6.32
255,600380,1.2,3.68
256,600381,0.38,1.34
257,600382,0.93,4.86
258,600383,1.92,11.39
259,600387,0.83,4.47
260,600388,6.21,9.33
261,600389,0.97,2.68
262,600390,1.23,4.49
263,600391,0.99,5.4
264,600392,3.12,4.39
265,600393,0.95,4.89
266,600395,2.44,1.6
267,600396,0.34,2.11
268,600397,0.67,3.71
269,600399,1.26,4.77
270,600401,0.52,5.8
271,600403,0.77,3.24
272,600405,1.01,3.51
273,600408,0.28,1.43
274,600409,1.33,5.66
275,600410,1.04,2.33
276,600416,0.95,3.62
277,600418,1.24,6.76
278,600419,5.57,14.76
279,600420,2.21,6.02
280,600422,3.09,10.6
281,600423,0.36,1.88
282,600425,1.07,1.61
283,600426,1.74,2.7
284,600428,0.38,1.03
285,600433,2.1,11.93
286,600436,8.13,11.82
287,600438,1.96,2.16
288,600439,0.53,1.9
289,600444,1.04,1.84
290,600446,9.04,42.83
291,600448,0.92,3.04
292,600449,1.31,1.58
293,600455,2.46,9.66
294,600456,0.35,1.54
295,600458,1.41,2.84
296,600459,1.0,3.53
297,600460,3.55,5.38
298,600461,1.5,5.57
299,600462,0.74,4.71
300,600463,1.57,4.92
301,600467,0.39,1.84
302,600468,0.97,3.45
303,600470,0.56,2.43
304,600475,0.85,2.8
305,600476,1.39,3.89
306,600478,1.94,5.03
307,600479,0.72,1.62
308,600481,0.84,20.89
309,600482,1.35,6.28
310,600483,1.15,5.66
311,600486,4.64,4.17
312,600487,9.37,10.14
313,600488,0.54,1.76
314,600489,0.77,2.53
315,600490,4.75,11.37
316,600491,1.5,6.13
317,600493,1.71,9.29
318,600495,1.47,2.27
319,600497,0.73,2.05
320,600498,4.07,6.68
321,600499,3.58,5.03
322,600500,0.42,1.81
323,600501,0.86,5.66
324,600502,3.92,13.86
325,600505,0.93,2.89
326,600506,0.93,4.33
327,600507,10.45,-2.09
328,600508,0.43,1.43
329,600509,0.42,2.35
330,600510,1.05,2.97
331,600511,1.93,2.34
332,600512,1.04,3.07
333,600513,2.66,7.01
334,600516,5.51,3.06
335,600517,0.69,1.34
336,600518,11.79,10.45
337,600519,5.42,6.87
338,600520,2.62,6.68
339,600521,5.3,7.26
340,600522,5.27,6.1
341,600526,1.09,3.08
342,600527,1.05,4.86
343,600528,0.92,1.91
344,600529,1.67,2.44
345,600531,0.74,3.24
346,600532,1.34,4.3
347,600533,0.5,2.49
348,600535,4.53,12.97
349,600536,1.96,6.16
350,600538,0.49,4.62
351,600540,0.87,1.7
352,600543,1.16,2.65
353,600546,0.73,1.56
354,600547,1.57,3.26
355,600548,0.86,3.21
356,600549,1.75,4.72
357,600550,0.23,0.33
358,600555,0.97,3.0
359,600557,1.77,2.46
360,600558,1.28,2.75
361,600559,4.01,9.02
362,600560,1.69,5.5
363,600561,0.86,2.85
364,600562,9.42,39.27
365,600563,3.07,179.0
366,600565,0.89,4.69
367,600566,7.4,18.83
368,600567,1.31,3.02
369,600568,3.99,11.61
370,600569,0.43,0.98
371,600570,5.4,12.7
372,600571,2.9,14.22
373,600572,3.44,12.82
374,600573,0.94,3.12
375,600580,1.3,3.12
376,600581,0.87,1.52
377,600582,0.73,1.5
378,600583,0.47,0.95
379,600585,1.52,2.75
380,600586,0.55,1.95
381,600587,2.61,5.5
382,600588,3.12,3.68
383,600589,0.65,2.56
384,600590,1.55,3.64
385,600592,1.09,3.05
386,600593,2.21,7.92
387,600594,2.46,7.67
388,600595,0.37,1.39
389,600596,0.35,0.8
390,600597,1.29,4.27
391,600598,0.82,1.38
392,600599,1.13,3.12
393,600600,1.07,1.7
394,600601,0.6,1.89
395,600602,1.01,4.17
396,600603,1.14,3.5
397,600604,1.84,7.93
398,600605,0.81,4.44
399,600606,1.02,3.04
400,600609,0.77,3.28
401,600610,1.11,4.91
402,600611,0.57,2.02
403,600612,4.37,inf
404,600613,0.67,3.02
405,600616,0.43,1.55
406,600617,0.74,4.81
407,600618,1.47,4.61
408,600619,1.46,4.42
409,600620,2.55,7.18
410,600621,1.3,3.98
411,600622,2.87,5.85
412,600623,0.84,4.42
413,600624,1.48,2.22
414,600628,0.67,2.44
415,600629,1.23,2.49
416,600630,1.43,2.48
417,600633,2.96,10.65
418,600635,0.57,1.88
419,600637,1.97,9.91
420,600638,0.6,2.18
421,600639,0.89,3.08
422,600640,1.05,2.81
423,600641,1.21,3.7
424,600642,0.59,2.11
425,600644,0.49,1.44
426,600647,3.0,16.95
427,600650,1.03,4.11
428,600651,0.95,3.47
429,600652,1.35,4.44
430,600653,0.54,1.95
431,600658,1.37,6.54
432,600660,2.26,-38.54
433,600661,2.28,7.01
434,600662,0.76,3.94
435,600663,1.61,3.63
436,600665,0.49,2.88
437,600667,2.01,5.12
438,600668,2.52,7.5
439,600674,1.79,2.59
440,600675,0.61,2.17
441,600676,1.0,4.47
442,600677,0.41,3.29
443,600678,1.19,2.89
444,600679,1.7,6.32
445,600680,0.82,5.32
446,600682,6.07,20.12
447,600683,0.62,3.39
448,600684,2.21,8.67
449,600688,0.99,3.28
450,600689,0.8,3.57
451,600690,4.47,10.4
452,600691,1.54,3.19
453,600692,1.13,3.56
454,600693,1.72,3.26
455,600694,0.79,3.08
456,600696,0.86,4.16
457,600697,1.21,2.85
458,600699,4.77,12.88
459,600701,1.78,6.14
460,600702,2.95,4.6
461,600706,1.9,5.95
462,600707,1.14,2.99
463,600708,1.23,2.63
464,600712,2.38,8.1
465,600713,0.96,3.28
466,600714,0.87,3.84
467,600717,0.42,1.35
468,600718,0.79,2.38
469,600719,1.42,4.7
470,600720,1.58,1.85
471,600722,1.4,5.22
472,600723,0.47,3.02
473,600724,0.63,1.7
474,600726,0.47,1.86
475,600727,0.98,2.56
476,600728,2.27,7.93
477,600730,1.34,8.26
478,600731,0.86,3.37
479,600736,0.97,4.22
480,600737,0.44,1.45
481,600738,0.82,3.43
482,600739,0.56,2.3
483,600740,0.97,1.78
484,600741,6.7,-22.15
485,600742,4.33,14.26
486,600743,0.53,2.48
487,600744,0.47,1.75
488,600746,0.7,3.98
489,600748,0.27,1.88
490,600749,1.81,6.69
491,600750,1.74,3.71
492,600751,1.03,6.19
493,600754,2.04,5.14
494,600755,1.26,2.5
495,600756,2.9,8.21
496,600758,0.77,2.95
497,600759,1.05,6.2
498,600760,5.58,6.66
499,600761,0.64,5.27
500,600764,2.58,8.04
501,600765,0.91,2.1
502,600766,1.04,7.02
503,600767,0.86,5.52
504,600769,0.93,4.94
505,600770,0.6,3.46
506,600771,2.11,11.73
507,600774,2.31,7.74
508,600775,0.76,3.71
509,600776,1.03,2.5
510,600777,1.71,6.19
511,600778,0.62,4.97
512,600779,1.86,2.09
513,600780,0.41,1.84
514,600781,1.96,4.49
515,600782,0.81,1.72
516,600783,3.25,6.86
517,600784,1.16,6.36
518,600785,1.51,3.72
519,600787,1.76,5.18
520,600789,1.13,2.85
521,600790,0.8,3.56
522,600791,0.76,2.21
523,600792,0.58,1.81
524,600793,2.23,8.79
525,600795,0.91,1.61
526,600796,0.99,4.71
527,600798,0.69,1.95
528,600801,1.47,1.96
529,600802,0.56,2.67
530,600804,1.25,4.63
531,600805,1.81,8.37
532,600808,0.44,0.89
533,600809,3.71,9.62
534,600810,0.54,2.3
535,600811,0.48,2.3
536,600812,0.47,1.03
537,600815,0.42,1.52
538,600816,2.64,6.1
539,600817,1.13,12.94
540,600819,0.47,1.89
541,600820,1.47,2.44
542,600821,0.64,4.26
543,600822,1.54,4.99
544,600823,0.76,2.58
545,600824,1.03,3.31
546,600825,0.34,1.28
547,600826,1.42,10.51
548,600827,0.73,2.01
549,600828,0.89,3.01
550,600830,0.45,2.98
551,600831,0.65,3.1
552,600833,2.38,6.33
553,600834,0.71,2.78
554,600835,1.16,3.26
555,600836,1.55,1.61
556,600837,0.54,2.4
557,600838,1.27,5.54
558,600839,0.8,2.53
559,600843,1.26,4.61
560,600844,0.54,1.39
561,600845,1.52,3.72
562,600846,2.63,3.97
563,600847,1.66,5.66
564,600848,1.39,3.59
565,600850,2.97,11.54
566,600851,0.78,4.89
567,600853,0.84,2.41
568,600856,2.15,9.62
569,600857,0.97,6.52
570,600858,0.56,1.12
571,600860,0.67,4.02
572,600861,0.61,3.59
573,600863,1.03,4.95
574,600864,0.51,2.6
575,600865,0.64,3.76
576,600866,0.68,2.16
577,600867,9.85,7.29
578,600868,0.65,3.02
579,600869,1.45,5.5
580,600871,0.58,2.65
581,600872,4.23,5.87
582,600873,1.99,9.04
583,600874,1.59,1.91
584,600879,1.03,2.83
585,600880,0.76,2.0
586,600881,0.4,1.68
587,600882,1.09,3.81
588,600883,0.5,4.25
589,600884,2.58,6.72
590,600887,14.91,-31.54
591,600888,0.51,1.65
592,600889,1.1,5.37
593,600891,1.14,5.01
594,600895,1.03,2.01
595,600896,0.51,2.59
596,600897,1.42,2.4
597,600898,1.19,4.31
598,600961,0.33,2.52
599,600962,0.65,3.59
600,600963,0.44,1.47
601,600965,1.58,3.97
602,600966,0.91,1.55
603,600967,2.74,8.23
604,600970,1.59,2.35
605,600971,0.63,1.9
606,600975,1.06,3.94
607,600976,3.14,13.33
608,600980,1.57,4.39
609,600981,0.5,2.68
610,600982,1.18,4.65
611,600983,1.75,2.65
612,600984,0.45,2.81
613,600985,2.52,5.92
614,600986,0.81,4.28
615,600987,4.15,18.7
616,600988,2.48,8.26
617,600990,6.45,16.31
618,600992,1.15,4.12
619,600993,2.56,4.84
620,600995,0.74,2.83
621,600997,0.31,1.35
622,601001,0.43,1.27
623,601002,1.1,1.98
624,601006,0.43,1.5
625,601007,0.97,3.47
626,601008,0.56,1.85
627,601009,1.93,5.06
628,601088,0.42,1.42
629,601099,0.29,1.14
630,601111,0.45,2.06
631,601166,1.29,6.75
632,601169,1.05,3.22
633,601318,1.48,3.31
634,601328,0.58,2.15
635,601333,0.65,1.75
636,601390,0.83,1.81
637,601398,1.07,2.63
638,601588,0.4,1.7
639,601601,0.91,3.9
640,601607,2.07,3.66
641,601628,0.57,1.54
642,601666,0.36,1.08
643,601699,0.95,2.65
644,601857,0.3,0.97
645,601866,0.29,1.52
646,601872,0.4,1.52
647,601919,0.17,0.73
648,601939,1.08,3.08
649,601988,0.86,2.25
650,601998,0.81,2.49
651,000001,1.33,3.16
652,000002,2.18,5.57
653,000004,2.38,12.29
654,000005,0.6,2.73
655,000008,6.22,18.62
656,000009,1.25,5.54
657,000011,2.33,10.74
658,000012,0.97,4.13
659,000016,2.87,2.95
660,000018,2.94,10.68
661,000020,1.98,9.27
662,000021,0.93,4.52
663,000023,1.93,8.99
664,000025,2.55,14.83
665,000026,1.09,5.09
666,000027,0.5,1.95
667,000028,2.86,4.49
668,000032,1.19,3.91
669,000036,1.16,4.76
670,000039,0.97,3.62
671,000043,1.54,13.23
672,000045,1.17,3.44
673,000049,6.79,13.71
674,000055,2.21,6.7
675,000058,0.88,5.66
676,000059,0.86,2.4
677,000060,0.75,2.98
678,000061,0.86,2.96
679,000062,1.62,8.69
680,000063,2.49,1.83
681,000066,1.44,7.92
682,000069,0.9,2.32
683,000070,1.83,6.86
684,000088,0.79,3.17
685,000090,1.38,10.28
686,000096,1.19,4.31
687,000099,0.94,4.18
688,000100,1.57,3.46
689,000150,2.9,10.98
690,000151,1.11,10.29
691,000153,1.15,4.03
692,000157,0.67,2.35
693,000158,1.42,4.42
694,000159,0.82,2.57
695,000301,0.46,1.81
696,000338,1.82,4.35
697,000402,1.03,2.43
698,000404,0.75,2.59
699,000407,1.1,3.09
700,000410,0.51,2.81
701,000413,3.82,9.85
702,000415,1.64,4.9
703,000416,0.65,3.56
704,000417,1.67,2.55
705,000418,6.17,17.72
706,000419,0.9,2.88
707,000420,0.57,3.46
708,000421,0.61,2.96
709,000422,0.26,1.61
710,000423,2.28,6.3
711,000425,1.35,1.44
712,000426,2.26,7.26
713,000428,0.48,2.81
714,000429,0.96,2.41
715,000430,1.13,4.6
716,000488,1.26,3.42
717,000501,1.22,4.85
718,000502,0.7,2.72
719,000503,3.94,11.65
720,000504,2.07,5.38
721,000505,0.46,2.34
722,000507,1.77,3.05
723,000510,1.05,4.64
724,000513,3.02,5.42
725,000514,0.75,2.89
726,000518,1.03,4.06
727,000519,1.62,8.37
728,000521,1.01,3.57
729,000523,1.86,6.51
730,000524,1.28,3.95
731,000525,1.62,1.53
732,000528,0.42,2.05
733,000532,0.68,3.37
734,000534,0.95,6.19
735,000537,1.0,3.29
736,000538,6.86,5.17
737,000539,0.46,1.3
738,000541,1.42,5.83
739,000544,1.4,2.99
740,000545,1.2,2.43
741,000548,0.47,2.57
742,000550,1.24,-69.11
743,000551,1.26,3.84
744,000552,1.03,3.58
745,000553,1.43,2.88
746,000554,0.71,2.65
747,000555,2.82,11.65
748,000559,2.02,39.29
749,000561,1.16,3.29
750,000565,0.59,4.79
751,000567,1.98,10.36
752,000568,1.91,3.63
753,000570,0.63,4.78
754,000572,0.26,1.71
755,000573,0.73,4.93
756,000576,2.25,5.62
757,000581,2.57,32.25
758,000582,0.84,2.62
759,000586,1.22,5.45
760,000587,5.36,14.5
761,000589,0.84,2.03
762,000590,1.69,4.73
763,000591,2.15,4.11
764,000593,1.31,3.48
765,000595,1.18,3.16
766,000596,7.08,24.54
767,000597,0.7,0.83
768,000598,1.66,4.74
769,000599,0.9,2.92
770,000600,0.69,2.66
771,000601,1.12,3.94
772,000605,0.98,2.74
773,000606,1.53,4.81
774,000607,0.93,4.23
775,000608,0.6,3.73
776,000609,0.32,2.08
777,000610,1.36,4.62
778,000611,1.1,2.44
779,000612,0.4,3.11
780,000613,0.9,8.41
781,000616,0.69,3.65
782,000617,0.46,3.3
783,000619,0.82,2.79
784,000623,0.73,2.87
785,000626,3.01,12.64
786,000627,1.49,4.84
787,000628,0.72,4.36
788,000630,0.61,2.6
789,000632,0.79,3.58
790,000636,1.03,4.32
791,000637,0.69,2.5
792,000639,4.45,12.19
793,000650,1.36,4.2
794,000651,97.3,-8.95
795,000655,0.32,1.71
796,000657,0.58,3.84
797,000659,0.67,2.95
798,000661,9.04,7.3
799,000662,1.43,5.83
800,000663,1.3,3.54
801,000665,1.19,5.68
802,000666,1.98,9.63
803,000667,0.57,2.2
804,000669,2.96,7.74
805,000677,0.36,2.66
806,000679,0.78,4.83
807,000680,0.44,1.18
808,000681,2.39,7.92
809,000683,0.4,1.46
810,000685,1.0,2.49
811,000686,0.45,2.32
812,000687,1.61,5.59
813,000692,1.16,4.76
814,000698,0.57,1.73
815,000700,1.15,7.47
816,000701,1.18,5.0
817,000702,0.97,3.95
818,000703,5.39,27.35
819,000705,1.98,5.45
820,000707,0.43,1.72
821,000708,0.86,4.95
822,000709,0.28,0.96
823,000710,3.98,10.31
824,000712,1.73,9.64
825,000713,1.0,1.48
826,000715,0.6,2.43
827,000717,0.8,1.86
828,000718,0.62,4.12
829,000720,0.59,2.67
830,000721,1.16,5.02
831,000722,1.07,4.97
832,000725,0.57,1.37
833,000726,0.81,4.12
834,000728,0.47,2.28
835,000729,0.67,1.19
836,000731,0.6,1.94
837,000733,1.53,4.42
838,000735,1.27,2.47
839,000737,0.47,1.89
840,000738,1.99,6.49
841,000739,1.65,5.54
842,000751,0.39,2.56
843,000752,1.65,5.28
844,000753,1.34,3.98
845,000755,0.22,1.73
846,000756,1.68,3.52
847,000758,0.56,2.94
848,000759,0.96,1.23
849,000760,0.93,5.45
850,000761,0.38,1.44
851,000762,1.06,3.37
852,000767,0.25,1.42
853,000768,1.03,4.17
854,000777,0.91,3.95
855,000778,0.98,2.3
856,000779,1.7,5.48
857,000780,0.33,1.34
858,000783,0.61,3.6
859,000785,1.01,3.35
860,000786,4.95,10.18
861,000788,2.62,6.86
862,000789,1.99,3.83
863,000790,0.98,5.08
864,000791,0.91,3.92
865,000792,0.29,0.4
866,000793,0.99,4.08
867,000795,1.48,4.68
868,000796,1.35,5.21
869,000797,1.89,3.76
870,000798,1.02,2.57
871,000801,1.9,8.93
872,000802,1.16,6.8
873,000807,0.69,1.97
874,000809,0.54,1.88
875,000810,1.39,8.51
876,000811,2.0,9.25
877,000813,1.93,5.37
878,000815,1.49,7.43
879,000816,0.74,2.1
880,000819,0.76,2.27
881,000822,0.55,1.46
882,000823,1.41,3.31
883,000825,0.32,1.21
884,000828,1.02,6.2
885,000830,2.69,1.8
886,000831,0.76,3.02
887,000833,0.72,2.01
888,000835,0.98,2.87
889,000836,1.5,4.9
890,000837,0.58,1.97
891,000838,0.97,7.71
892,000839,1.49,4.56
893,000848,2.44,7.06
894,000850,0.51,2.58
895,000851,0.8,2.39
896,000852,0.72,3.97
897,000856,2.96,4.38
898,000858,2.04,3.91
899,000859,0.74,2.91
900,000860,1.14,2.12
901,000861,1.24,4.21
902,000862,0.44,1.7
903,000868,2.58,5.74
904,000869,0.68,1.23
905,000875,0.46,1.98
906,000876,1.19,4.49
907,000877,2.13,1.5
908,000878,0.27,1.43
909,000881,1.19,6.64
910,000882,0.3,1.72
911,000883,1.5,5.66
912,000885,1.97,5.18
913,000886,1.22,2.4
914,000888,1.49,5.72
915,000889,1.65,3.82
916,000890,0.98,4.76
917,000893,1.65,1.82
918,000895,2.2,4.3
919,000897,0.33,1.43
920,000898,0.24,0.75
921,000899,0.71,3.67
922,000905,1.19,1.85
923,000906,0.82,5.07
924,000909,1.72,6.83
925,000910,1.68,5.31
926,000911,0.63,2.75
927,000915,3.8,12.26
928,000917,1.0,2.45
929,000919,0.75,3.72
930,000920,1.26,3.61
931,000921,1.73,5.15
932,000922,0.84,3.82
933,000923,2.13,5.58
934,000927,0.32,1.62
935,000928,1.31,4.5
936,000929,0.83,3.88
937,000933,0.71,1.58
938,000935,1.16,4.63
939,000936,1.24,6.16
940,000937,0.62,1.48
941,000938,3.49,7.01
942,000948,1.16,3.21
943,000949,0.5,3.49
944,000951,0.59,1.91
945,000952,0.46,2.41
946,000955,1.44,2.81
947,000957,3.34,11.04
948,000958,0.94,4.73
949,000959,0.75,2.67
950,000960,0.33,1.58
951,000963,9.64,12.93
952,000965,0.87,2.26
953,000966,1.03,5.16
954,000967,3.11,7.48
955,000968,0.66,1.15
956,000969,1.01,1.91
957,000970,2.29,10.87
958,000973,1.47,4.2
959,000976,1.03,4.17
960,000977,4.87,5.85
961,000978,0.48,2.68
962,000980,1.36,3.57
963,000983,0.48,1.07
964,000985,1.59,5.12
965,000988,3.32,6.2
966,000989,2.68,5.19
967,000990,1.22,2.82
968,000993,0.87,4.04
969,000996,1.97,1.59
970,000997,2.32,12.59
971,000998,10.66,5.41
972,000999,1.71,2.04
973,001696,0.69,4.35
974,001896,0.71,3.14
975,002001,5.24,3.47
976,002006,1.96,6.42
977,002007,2.6,4.67
978,002008,4.65,9.19
979,002009,0.8,2.06
980,002010,1.83,11.7
981,002011,1.3,3.38
982,002013,6.25,18.52
983,002014,2.39,16.08
984,002015,1.53,3.1
985,002016,1.82,4.41
986,002017,1.54,4.98
987,002018,1.68,5.12
988,002019,1.38,4.69
989,002020,3.79,11.58
990,002021,0.64,5.49
991,002022,1.06,1.66
992,002023,3.49,11.48
993,002026,1.63,5.12
994,002027,6.11,11.08
995,002028,1.32,1.44
996,002029,1.16,2.6
997,002030,5.33,12.27
998,002031,1.09,5.36
999,002032,3.75,6.24
1000,002035,16.72,29.98
1001,002036,1.45,4.99
1002,002038,3.17,2.25
1003,002039,1.7,2.61
1004,002041,6.29,7.0
1005,002043,5.44,11.76
1006,002044,11.26,16.72
1007,002046,1.43,2.68
1008,002047,1.62,5.16
1009,002048,1.76,8.01
1010,002049,10.73,17.51
1011,002050,4.11,7.55
1012,002051,4.07,22.14
1013,002052,0.74,3.07
1014,002053,1.06,4.17
1015,002054,1.93,5.55
1016,002055,3.74,15.95
1017,002056,2.51,5.05
1018,002057,1.91,7.0
1019,002058,3.58,8.88
1020,002059,1.42,5.19
1021,002060,1.3,2.27
1022,002061,1.46,3.78
1023,002062,1.65,3.43
1024,002063,3.19,6.37
1025,002064,0.8,4.15
1026,002065,5.05,9.89
1027,002066,1.65,5.25
1028,002067,0.82,4.5
1029,002068,1.43,2.92
1030,002069,0.56,2.92
1031,002070,1.16,9.69
1032,002071,1.69,5.7
1033,002074,2.76,4.01
1034,002076,1.11,4.56
1035,002077,1.06,3.62
1036,002078,1.62,5.33
1037,002079,2.97,6.37
1038,002080,1.9,1.92
1039,002081,9.8,17.65
1040,002083,0.72,2.63
1041,002084,0.67,3.87
1042,002085,12.18,99.88
1043,002086,2.55,4.32
1044,002087,1.48,4.95
1045,002088,0.75,2.13
1046,002089,4.09,7.33
1047,002090,2.67,5.4
1048,002091,3.58,4.84
1049,002092,1.17,3.71
1050,002093,1.2,2.96
1051,002094,2.61,9.95
1052,002095,2.3,8.04
1053,002096,1.39,5.47
1054,002097,0.31,1.7
1055,002099,1.72,7.26
1056,002100,2.85,5.54
1057,002101,1.83,4.68
1058,002104,1.68,7.86
1059,002105,1.07,6.42
1060,002106,0.77,4.01
1061,002107,2.15,2.86
1062,002108,9.26,18.83
1063,002109,0.86,1.29
1064,002110,1.17,2.27
1065,002111,0.93,3.3
1066,002114,0.79,3.19
1067,002115,1.73,2.99
1068,002116,1.68,10.21
1069,002117,3.95,25.4
1070,002118,2.8,3.72
1071,002119,1.59,5.18
1072,002120,4.01,10.03
1073,002121,1.72,3.68
1074,002123,0.8,1.6
1075,002124,2.04,5.39
1076,002125,1.72,6.77
1077,002126,3.15,6.54
1078,002127,4.04,9.97
1079,002128,0.54,2.21
1080,002131,3.38,16.0
1081,002133,0.5,3.48
1082,002134,0.68,3.32
1083,002135,1.24,3.57
1084,002136,1.54,5.26
1085,002137,0.7,5.53
1086,002138,3.82,14.38
1087,002139,4.57,6.36
1088,002140,0.82,2.95
1089,002141,3.18,11.66
1090,002142,1.54,5.11
1091,002143,1.53,8.03
1092,002144,0.58,5.04
1093,002146,3.12,29.44
1094,002147,0.97,2.03
1095,002148,1.96,4.72
1096,002149,0.8,3.55
1097,002153,3.49,4.45
1098,002154,1.16,3.15
1099,002155,0.49,2.88
1100,002157,2.78,7.05
1101,002158,2.05,5.51
1102,002161,2.3,3.45
1103,002164,1.04,2.54
1104,002166,2.26,7.65
1105,002167,2.12,6.65
1106,002169,1.39,5.28
1107,002170,1.61,4.77
1108,002171,1.21,5.37
1109,002172,0.32,4.26
1110,002173,1.31,4.34
1111,002174,3.81,13.89
1112,002175,1.5,10.07
1113,002176,4.36,12.16
1114,002177,0.65,3.63
1115,002178,4.12,8.34
1116,002179,5.26,8.35
1117,002180,3.68,9.36
1118,002181,0.4,2.41
1119,002182,1.1,3.39
1120,002183,1.33,4.43
1121,002184,1.14,4.12
1122,002185,3.91,10.13
1123,002186,0.63,2.36
1124,002187,0.49,1.88
1125,002190,2.84,11.31
1126,002191,1.65,3.27
1127,002192,4.5,5.66
1128,002193,1.41,5.16
1129,002194,0.62,1.13
1130,002195,3.28,8.79
1131,002196,1.04,5.07
1132,002197,1.62,4.34
1133,002198,2.74,7.17
1134,002199,1.55,4.01
1135,002200,0.5,1.29
1136,002201,1.31,6.58
1137,002202,0.93,1.88
